center_x=-23.37026596069336
center_y=-10.678009986877441
center_z=2.706010341644287
size_x=26
size_y=26
size_z=26
