center_x=-42.57139587402344
center_y=15.24467658996582
center_z=-61.086036682128906
size_x=26
size_y=26
size_z=26
