center_x=-24.110584259033203
center_y=-45.44991683959961
center_z=-88.33928680419922
size_x=26
size_y=26
size_z=26
