center_x=21.690189361572266
center_y=20.825607299804688
center_z=-1.7546472549438477
size_x=26
size_y=26
size_z=26
