center_x=-33.514610290527344
center_y=3.246333122253418
center_z=-12.912252426147461
size_x=26
size_y=26
size_z=26
