center_x=49.425289154052734
center_y=11.134360313415527
center_z=-2.5095772743225098
size_x=26
size_y=26
size_z=26
