center_x=124.4664535522461
center_y=-20.5303955078125
center_z=10.936580657958984
size_x=26
size_y=26
size_z=26
