center_x=104.4081802368164
center_y=0.9143044352531433
center_z=11.418792724609375
size_x=26
size_y=26
size_z=26
