center_x=-27.465803146362305
center_y=-34.99420166015625
center_z=-82.3654556274414
size_x=26
size_y=26
size_z=26
