center_x=12.824573516845703
center_y=25.81291389465332
center_z=44.3094596862793
size_x=26
size_y=26
size_z=26
