center_x=49.76154708862305
center_y=10.80343246459961
center_z=-2.4718246459960938
size_x=26
size_y=26
size_z=26
