center_x=107.48944091796875
center_y=-3.1370863914489746
center_z=10.81963062286377
size_x=26
size_y=26
size_z=26
