center_x=12.824148178100586
center_y=25.812528610229492
center_z=44.31037902832031
size_x=26
size_y=26
size_z=26
