center_x=12.754748344421387
center_y=25.791860580444336
center_z=44.49551773071289
size_x=26
size_y=26
size_z=26
