center_x=-6.587437152862549
center_y=1.6242080926895142
center_z=-25.938814163208008
size_x=26
size_y=26
size_z=26
