center_x=11.44691276550293
center_y=16.44404411315918
center_z=-1.087912917137146
size_x=26
size_y=26
size_z=26
