center_x=-27.599018096923828
center_y=-35.0850944519043
center_z=-82.5902099609375
size_x=26
size_y=26
size_z=26
