center_x=-42.72394943237305
center_y=15.162275314331055
center_z=-61.117252349853516
size_x=26
size_y=26
size_z=26
