center_x=12.987565040588379
center_y=25.78676414489746
center_z=44.278648376464844
size_x=26
size_y=26
size_z=26
