center_x=22.990110397338867
center_y=19.071664810180664
center_z=-0.4138169586658478
size_x=26
size_y=26
size_z=26
