center_x=21.686443328857422
center_y=20.823291778564453
center_z=-1.756426453590393
size_x=26
size_y=26
size_z=26
