center_x=12.75406265258789
center_y=25.791025161743164
center_z=44.497684478759766
size_x=26
size_y=26
size_z=26
